           0   1.4238706927239733     
           0           0
           1   3.3849354121927506     
           1           1
           2   5.3557064219277457     
           2           2
           3   7.3314130507740245     
           3           3
           4   9.3117118303065958     
           4           4
           5   11.311011151005264     
           5           5
           6   13.397857949349540     
           6           6
           7   15.700060295728292     
           7           7
           8   18.314062538653047     
           8           8
           9   21.268699990782643     
           9           9
